v <- 50
v